# frame mode flags alpha beta dist scale exposure stroke
0 0 0 0.0000000 0.0000000 3.600000 1.800000 1.0000 1.0000
1 0 0 0.0000000 0.0000000 3.600000 1.799999 1.0000 1.0000
2 0 0 0.0000000 0.0000000 3.600000 1.799995 1.0000 1.0000
3 0 0 0.0000000 0.0000000 3.600000 1.799982 1.0000 1.0000
4 0 0 0.0000000 0.0000000 3.600000 1.799958 1.0000 1.0000
5 0 0 0.0000000 0.0000000 3.600000 1.799919 1.0000 1.0000
6 0 0 0.0000000 0.0000000 3.600000 1.799862 1.0000 1.0000
7 0 0 0.0000000 0.0000000 3.600000 1.799783 1.0000 1.0000
8 0 0 0.0000000 0.0000000 3.600000 1.799680 1.0000 1.0000
9 0 0 0.0000000 0.0000000 3.600000 1.799549 1.0000 1.0000
10 0 0 0.0000000 0.0000000 3.600000 1.799388 1.0000 1.0000
11 0 0 0.0000000 0.0000000 3.600000 1.799194 1.0000 1.0000
12 0 0 0.0000000 0.0000000 3.600000 1.798965 1.0000 1.0000
13 0 0 0.0000000 0.0000000 3.600000 1.798699 1.0000 1.0000
14 0 0 0.0000000 0.0000000 3.600000 1.798392 1.0000 1.0000
15 0 0 0.0000000 0.0000000 3.600000 1.798044 1.0000 1.0000
16 0 0 0.0000000 0.0000000 3.600000 1.797652 1.0000 1.0000
17 0 0 0.0000000 0.0000000 3.600000 1.797214 1.0000 1.0000
18 0 0 0.0000000 0.0000000 3.600000 1.796729 1.0000 1.0000
19 0 0 0.0000000 0.0000000 3.600000 1.796196 1.0000 1.0000
20 0 0 0.0000000 0.0000000 3.600000 1.795612 1.0000 1.0000
21 0 0 0.0000000 0.0000000 3.600000 1.794977 1.0000 1.0000
22 0 0 0.0000000 0.0000000 3.600000 1.794289 1.0000 1.0000
23 0 0 0.0000000 0.0000000 3.600000 1.793548 1.0000 1.0000
24 0 0 0.0000000 0.0000000 3.600000 1.792752 1.0000 1.0000
25 0 0 0.0000000 0.0000000 3.600000 1.791902 1.0000 1.0000
26 0 0 0.0000000 0.0000000 3.600000 1.790995 1.0000 1.0000
27 0 0 0.0000000 0.0000000 3.600000 1.790031 1.0000 1.0000
28 0 0 0.0000000 0.0000000 3.600000 1.789010 1.0000 1.0000
29 0 0 0.0000000 0.0000000 3.600000 1.787932 1.0000 1.0000
30 0 0 0.0000000 0.0000000 3.600000 1.786796 1.0000 1.0000
31 0 0 0.0000000 0.0000000 3.600000 1.785603 1.0000 1.0000
32 0 0 0.0000000 0.0000000 3.600000 1.784351 1.0000 1.0000
33 0 0 0.0000000 0.0000000 3.600000 1.783041 1.0000 1.0000
34 0 0 0.0000000 0.0000000 3.600000 1.781674 1.0000 1.0000
35 0 0 0.0000000 0.0000000 3.600000 1.780249 1.0000 1.0000
36 0 0 0.0000000 0.0000000 3.600000 1.778766 1.0000 1.0000
37 0 0 0.0000000 0.0000000 3.600000 1.777227 1.0000 1.0000
38 0 0 0.0000000 0.0000000 3.600000 1.775631 1.0000 1.0000
39 0 0 0.0000000 0.0000000 3.600000 1.773979 1.0000 1.0000
40 0 0 0.0000000 0.0000000 3.600000 1.772272 1.0000 1.0000
41 0 0 0.0000000 0.0000000 3.600000 1.770510 1.0000 1.0000
42 0 0 0.0000000 0.0000000 3.600000 1.768694 1.0000 1.0000
43 0 0 0.0000000 0.0000000 3.600000 1.766826 1.0000 1.0000
44 0 0 0.0000000 0.0000000 3.600000 1.764905 1.0000 1.0000
45 0 0 0.0000000 0.0000000 3.600000 1.762933 1.0000 1.0000
46 0 0 0.0000000 0.0000000 3.600000 1.760912 1.0000 1.0000
47 0 0 0.0000000 0.0000000 3.600000 1.758841 1.0000 1.0000
48 0 0 0.0000000 0.0000000 3.600000 1.756723 1.0000 1.0000
49 0 0 0.0000000 0.0000000 3.600000 1.754559 1.0000 1.0000
50 0 0 0.0000000 0.0000000 3.600000 1.752349 1.0000 1.0000
51 0 0 0.0000000 0.0000000 3.600000 1.750096 1.0000 1.0000
52 0 0 0.0000000 0.0000000 3.600000 1.747800 1.0000 1.0000
53 0 0 0.0000000 0.0000000 3.600000 1.745464 1.0000 1.0000
54 0 0 0.0000000 0.0000000 3.600000 1.743088 1.0000 1.0000
55 0 0 0.0000000 0.0000000 3.600000 1.740675 1.0000 1.0000
56 0 0 0.0000000 0.0000000 3.600000 1.738225 1.0000 1.0000
57 0 0 0.0000000 0.0000000 3.600000 1.735741 1.0000 1.0000
58 0 0 0.0000000 0.0000000 3.600000 1.733224 1.0000 1.0000
59 0 0 0.0000000 0.0000000 3.600000 1.730676 1.0000 1.0000
60 0 0 0.0000000 0.0000000 3.600000 1.728099 1.0000 1.0000
61 0 0 0.0000000 0.0000000 3.600000 1.725495 1.0000 1.0000
62 0 0 0.0000000 0.0000000 3.600000 1.722864 1.0000 1.0000
63 0 0 0.0000000 0.0000000 3.600000 1.720210 1.0000 1.0000
64 0 0 0.0000000 0.0000000 3.600000 1.717534 1.0000 1.0000
65 0 0 0.0000000 0.0000000 3.600000 1.714838 1.0000 1.0000
66 0 0 0.0000000 0.0000000 3.600000 1.712124 1.0000 1.0000
67 0 0 0.0000000 0.0000000 3.600000 1.709394 1.0000 1.0000
68 0 0 0.0000000 0.0000000 3.600000 1.706650 1.0000 1.0000
69 0 0 0.0000000 0.0000000 3.600000 1.703893 1.0000 1.0000
70 0 0 0.0000000 0.0000000 3.600000 1.701127 1.0000 1.0000
71 0 0 0.0000000 0.0000000 3.600000 1.698352 1.0000 1.0000
72 0 0 0.0000000 0.0000000 3.600000 1.695572 1.0000 1.0000
73 0 0 0.0000000 0.0000000 3.600000 1.692787 1.0000 1.0000
74 0 0 0.0000000 0.0000000 3.600000 1.690000 1.0000 1.0000
75 0 0 0.0000000 0.0000000 3.600000 1.687213 1.0000 1.0000
76 0 0 0.0000000 0.0000000 3.600000 1.684428 1.0000 1.0000
77 0 0 0.0000000 0.0000000 3.600000 1.681648 1.0000 1.0000
78 0 0 0.0000000 0.0000000 3.600000 1.678873 1.0000 1.0000
79 0 0 0.0000000 0.0000000 3.600000 1.676107 1.0000 1.0000
80 0 0 0.0000000 0.0000000 3.600000 1.673350 1.0000 1.0000
81 0 0 0.0000000 0.0000000 3.600000 1.670606 1.0000 1.0000
82 0 0 0.0000000 0.0000000 3.600000 1.667876 1.0000 1.0000
83 0 0 0.0000000 0.0000000 3.600000 1.665162 1.0000 1.0000
84 0 0 0.0000000 0.0000000 3.600000 1.662466 1.0000 1.0000
85 0 0 0.0000000 0.0000000 3.600000 1.659790 1.0000 1.0000
86 0 0 0.0000000 0.0000000 3.600000 1.657136 1.0000 1.0000
87 0 0 0.0000000 0.0000000 3.600000 1.654505 1.0000 1.0000
88 0 0 0.0000000 0.0000000 3.600000 1.651901 1.0000 1.0000
89 0 0 0.0000000 0.0000000 3.600000 1.649324 1.0000 1.0000
90 0 0 0.0000000 0.0000000 3.600000 1.646776 1.0000 1.0000
91 0 0 0.0000000 0.0000000 3.600000 1.644259 1.0000 1.0000
92 0 0 0.0000000 0.0000000 3.600000 1.641775 1.0000 1.0000
93 0 0 0.0000000 0.0000000 3.600000 1.639325 1.0000 1.0000
94 0 0 0.0000000 0.0000000 3.600000 1.636912 1.0000 1.0000
95 0 0 0.0000000 0.0000000 3.600000 1.634536 1.0000 1.0000
96 0 0 0.0000000 0.0000000 3.600000 1.632200 1.0000 1.0000
97 0 0 0.0000000 0.0000000 3.600000 1.629904 1.0000 1.0000
98 0 0 0.0000000 0.0000000 3.600000 1.627651 1.0000 1.0000
99 0 0 0.0000000 0.0000000 3.600000 1.625441 1.0000 1.0000
100 0 0 0.0000000 0.0000000 3.600000 1.623277 1.0000 1.0000
101 0 0 0.0000000 0.0000000 3.600000 1.621159 1.0000 1.0000
102 0 0 0.0000000 0.0000000 3.600000 1.619088 1.0000 1.0000
103 0 0 0.0000000 0.0000000 3.600000 1.617067 1.0000 1.0000
104 0 0 0.0000000 0.0000000 3.600000 1.615095 1.0000 1.0000
105 0 0 0.0000000 0.0000000 3.600000 1.613174 1.0000 1.0000
106 0 0 0.0000000 0.0000000 3.600000 1.611306 1.0000 1.0000
107 0 0 0.0000000 0.0000000 3.600000 1.609490 1.0000 1.0000
108 0 0 0.0000000 0.0000000 3.600000 1.607728 1.0000 1.0000
109 0 0 0.0000000 0.0000000 3.600000 1.606021 1.0000 1.0000
110 0 0 0.0000000 0.0000000 3.600000 1.604369 1.0000 1.0000
111 0 0 0.0000000 0.0000000 3.600000 1.602773 1.0000 1.0000
112 0 0 0.0000000 0.0000000 3.600000 1.601234 1.0000 1.0000
113 0 0 0.0000000 0.0000000 3.600000 1.599751 1.0000 1.0000
114 0 0 0.0000000 0.0000000 3.600000 1.598326 1.0000 1.0000
115 0 0 0.0000000 0.0000000 3.600000 1.596959 1.0000 1.0000
116 0 0 0.0000000 0.0000000 3.600000 1.595649 1.0000 1.0000
117 0 0 0.0000000 0.0000000 3.600000 1.594397 1.0000 1.0000
118 0 0 0.0000000 0.0000000 3.600000 1.593204 1.0000 1.0000
119 0 0 0.0000000 0.0000000 3.600000 1.592068 1.0000 1.0000
120 0 0 0.0000000 0.0000000 3.600000 1.590990 1.0000 1.0000
121 0 0 0.0000000 0.0000000 3.600000 1.589969 1.0000 1.0000
122 0 0 0.0000000 0.0000000 3.600000 1.589005 1.0000 1.0000
123 0 0 0.0000000 0.0000000 3.600000 1.588098 1.0000 1.0000
124 0 0 0.0000000 0.0000000 3.600000 1.587248 1.0000 1.0000
125 0 0 0.0000000 0.0000000 3.600000 1.586452 1.0000 1.0000
126 0 0 0.0000000 0.0000000 3.600000 1.585711 1.0000 1.0000
127 0 0 0.0000000 0.0000000 3.600000 1.585023 1.0000 1.0000
128 0 0 0.0000000 0.0000000 3.600000 1.584388 1.0000 1.0000
129 0 0 0.0000000 0.0000000 3.600000 1.583804 1.0000 1.0000
130 0 0 0.0000000 0.0000000 3.600000 1.583271 1.0000 1.0000
131 0 0 0.0000000 0.0000000 3.600000 1.582786 1.0000 1.0000
132 0 0 0.0000000 0.0000000 3.600000 1.582348 1.0000 1.0000
133 0 0 0.0000000 0.0000000 3.600000 1.581956 1.0000 1.0000
134 0 0 0.0000000 0.0000000 3.600000 1.581608 1.0000 1.0000
135 0 0 0.0000000 0.0000000 3.600000 1.581301 1.0000 1.0000
136 0 0 0.0000000 0.0000000 3.600000 1.581035 1.0000 1.0000
137 0 0 0.0000000 0.0000000 3.600000 1.580806 1.0000 1.0000
138 0 0 0.0000000 0.0000000 3.600000 1.580612 1.0000 1.0000
139 0 0 0.0000000 0.0000000 3.600000 1.580451 1.0000 1.0000
140 0 0 0.0000000 0.0000000 3.600000 1.580320 1.0000 1.0000
141 0 0 0.0000000 0.0000000 3.600000 1.580217 1.0000 1.0000
142 0 0 0.0000000 0.0000000 3.600000 1.580138 1.0000 1.0000
143 0 0 0.0000000 0.0000000 3.600000 1.580081 1.0000 1.0000
144 0 0 0.0000000 0.0000000 3.600000 1.580042 1.0000 1.0000
145 0 0 0.0000000 0.0000000 3.600000 1.580018 1.0000 1.0000
146 0 0 0.0000000 0.0000000 3.600000 1.580005 1.0000 1.0000
147 0 0 0.0000000 0.0000000 3.600000 1.580001 1.0000 1.0000
148 1 7 0.0000000 0.0000000 3.600000 1.780000 1.0000 1.0000
149 1 7 0.0000000 0.0000000 3.599999 1.780000 1.0000 1.0000
150 1 7 0.0000000 0.0000000 3.599996 1.779998 1.0000 1.0000
151 1 7 0.0000000 0.0000000 3.599986 1.779992 1.0000 1.0000
152 1 7 0.0000000 0.0000000 3.599968 1.779981 1.0000 1.0000
153 1 7 0.0000000 0.0000000 3.599938 1.779963 1.0000 1.0000
154 1 7 0.0000000 0.0000000 3.599894 1.779937 1.0000 1.0000
155 1 7 0.0000000 0.0000000 3.599834 1.779900 1.0000 1.0000
156 1 7 0.0000000 0.0000000 3.599754 1.779852 1.0000 1.0000
157 1 7 0.0000000 0.0000000 3.599653 1.779792 1.0000 1.0000
158 1 7 0.0000000 0.0000000 3.599528 1.779717 1.0000 1.0000
159 1 7 0.0000000 0.0000000 3.599377 1.779626 1.0000 1.0000
160 1 7 0.0000000 0.0000000 3.599198 1.779519 1.0000 1.0000
161 1 7 0.0000000 0.0000000 3.598989 1.779393 1.0000 1.0000
162 1 7 0.0000000 0.0000000 3.598748 1.779249 1.0000 1.0000
163 1 7 0.0000000 0.0000000 3.598474 1.779084 1.0000 1.0000
164 1 7 0.0000000 0.0000000 3.598164 1.778898 1.0000 1.0000
165 1 7 0.0000000 0.0000000 3.597817 1.778690 1.0000 1.0000
166 1 7 0.0000000 0.0000000 3.597432 1.778459 1.0000 1.0000
167 1 7 0.0000000 0.0000000 3.597007 1.778204 1.0000 1.0000
168 1 7 0.0000000 0.0000000 3.596540 1.777924 1.0000 1.0000
169 1 7 0.0000000 0.0000000 3.596031 1.777619 1.0000 1.0000
170 1 7 0.0000000 0.0000000 3.595478 1.777287 1.0000 1.0000
171 1 7 0.0000000 0.0000000 3.594880 1.776928 1.0000 1.0000
172 1 7 0.0000000 0.0000000 3.594235 1.776541 1.0000 1.0000
173 1 7 0.0000000 0.0000000 3.593544 1.776126 1.0000 1.0000
174 1 7 0.0000000 0.0000000 3.592805 1.775683 1.0000 1.0000
175 1 7 0.0000000 0.0000000 3.592016 1.775210 1.0000 1.0000
176 1 7 0.0000000 0.0000000 3.591179 1.774707 1.0000 1.0000
177 1 7 0.0000000 0.0000000 3.590291 1.774174 1.0000 1.0000
178 1 7 0.0000000 0.0000000 3.589352 1.773611 1.0000 1.0000
179 1 7 0.0000000 0.0000000 3.588362 1.773017 1.0000 1.0000
180 1 7 0.0000000 0.0000000 3.587319 1.772392 1.0000 1.0000
181 1 7 0.0000000 0.0000000 3.586225 1.771735 1.0000 1.0000
182 1 7 0.0000000 0.0000000 3.585078 1.771047 1.0000 1.0000
183 1 7 0.0000000 0.0000000 3.583877 1.770326 1.0000 1.0000
184 1 7 0.0000000 0.0000000 3.582624 1.769574 1.0000 1.0000
185 1 7 0.0000000 0.0000000 3.581317 1.768790 1.0000 1.0000
186 1 7 0.0000000 0.0000000 3.579957 1.767974 1.0000 1.0000
187 1 7 0.0000000 0.0000000 3.578544 1.767126 1.0000 1.0000
188 1 7 0.0000000 0.0000000 3.577077 1.766246 1.0000 1.0000
189 1 7 0.0000000 0.0000000 3.575556 1.765334 1.0000 1.0000
190 1 7 0.0000000 0.0000000 3.573983 1.764390 1.0000 1.0000
191 1 7 0.0000000 0.0000000 3.572356 1.763414 1.0000 1.0000
192 1 7 0.0000000 0.0000000 3.570677 1.762406 1.0000 1.0000
193 1 7 0.0000000 0.0000000 3.568945 1.761367 1.0000 1.0000
194 1 7 0.0000000 0.0000000 3.567162 1.760297 1.0000 1.0000
195 1 7 0.0000000 0.0000000 3.565326 1.759196 1.0000 1.0000
196 1 7 0.0000000 0.0000000 3.563439 1.758064 1.0000 1.0000
197 1 7 0.0000000 0.0000000 3.561502 1.756901 1.0000 1.0000
198 1 7 0.0000000 0.0000000 3.559515 1.755709 1.0000 1.0000
199 1 7 0.0000000 0.0000000 3.557478 1.754487 1.0000 1.0000
200 1 7 0.0000000 0.0000000 3.555392 1.753235 1.0000 1.0000
201 1 7 0.0000000 0.0000000 3.553258 1.751955 1.0000 1.0000
202 1 7 0.0000000 0.0000000 3.551076 1.750646 1.0000 1.0000
203 1 7 0.0000000 0.0000000 3.548848 1.749309 1.0000 1.0000
204 1 7 0.0000000 0.0000000 3.546574 1.747944 1.0000 1.0000
205 1 7 0.0000000 0.0000000 3.544255 1.746553 1.0000 1.0000
206 1 7 0.0000000 0.0000000 3.541892 1.745135 1.0000 1.0000
207 1 7 0.0000000 0.0000000 3.539485 1.743691 1.0000 1.0000
208 1 7 0.0000000 0.0000000 3.537037 1.742222 1.0000 1.0000
209 1 7 0.0000000 0.0000000 3.534547 1.740728 1.0000 1.0000
210 1 7 0.0000000 0.0000000 3.532018 1.739211 1.0000 1.0000
211 1 7 0.0000000 0.0000000 3.529449 1.737670 1.0000 1.0000
212 1 7 0.0000000 0.0000000 3.526843 1.736106 1.0000 1.0000
213 1 7 0.0000000 0.0000000 3.524199 1.734520 1.0000 1.0000
214 1 7 0.0000000 0.0000000 3.521520 1.732912 1.0000 1.0000
215 1 7 0.0000000 0.0000000 3.518807 1.731284 1.0000 1.0000
216 1 7 0.0000000 0.0000000 3.516060 1.729636 1.0000 1.0000
217 1 7 0.0000000 0.0000000 3.513282 1.727969 1.0000 1.0000
218 1 7 0.0000000 0.0000000 3.510473 1.726284 1.0000 1.0000
219 1 7 0.0000000 0.0000000 3.507634 1.724581 1.0000 1.0000
220 1 7 0.0000000 0.0000000 3.504768 1.722861 1.0000 1.0000
221 1 7 0.0000000 0.0000000 3.501875 1.721125 1.0000 1.0000
222 1 7 0.0000000 0.0000000 3.498956 1.719374 1.0000 1.0000
223 1 7 0.0000000 0.0000000 3.496014 1.717609 1.0000 1.0000
224 1 7 0.0000000 0.0000000 3.493049 1.715830 1.0000 1.0000
225 1 7 0.0000000 0.0000000 3.490063 1.714038 1.0000 1.0000
226 1 7 0.0000000 0.0000000 3.487058 1.712235 1.0000 1.0000
227 1 7 0.0000000 0.0000000 3.484034 1.710421 1.0000 1.0000
228 1 7 0.0000000 0.0000000 3.480994 1.708596 1.0000 1.0000
229 1 7 0.0000000 0.0000000 3.477938 1.706763 1.0000 1.0000
230 1 7 0.0000000 0.0000000 3.474869 1.704921 1.0000 1.0000
231 1 7 0.0000000 0.0000006 3.471787 1.703072 1.0000 1.0000
232 1 7 0.0000000 0.0001173 3.468695 1.701217 1.0000 1.0000
233 1 7 0.0000000 0.0006892 3.465593 1.699356 1.0000 1.0000
234 1 7 0.0000000 0.0020191 3.462484 1.697490 1.0000 1.0000
235 1 7 0.0000000 0.0043413 3.459368 1.695621 1.0000 1.0000
236 1 7 0.0000000 0.0078257 3.456248 1.693749 1.0000 1.0000
237 1 7 0.0000000 0.0125833 3.453125 1.691875 1.0000 1.0000
238 1 7 0.0000000 0.0186708 3.450000 1.690000 1.0000 1.0000
239 1 7 0.0000000 0.0260956 3.446875 1.688125 1.0000 1.0000
240 1 7 0.0000000 0.0348208 3.443752 1.686251 1.0000 1.0000
241 1 7 0.0000000 0.0447702 3.440632 1.684379 1.0000 1.0000
242 1 7 0.0000000 0.0558328 3.437516 1.682510 1.0000 1.0000
243 1 7 0.0000000 0.0678683 3.434407 1.680644 1.0000 1.0000
244 1 7 0.0000000 0.0807117 3.431305 1.678783 1.0000 1.0000
245 1 7 0.0000000 0.0941783 3.428213 1.676928 1.0000 1.0000
246 1 7 0.0000000 0.1080685 3.425131 1.675079 1.0000 1.0000
247 1 7 0.0000000 0.1221730 3.422062 1.673237 1.0000 1.0000
248 1 7 0.0000000 0.1362776 3.419006 1.671404 1.0000 1.0000
249 1 7 0.0000000 0.1501678 3.415966 1.669579 1.0000 1.0000
250 1 7 0.0000000 0.1636344 3.412942 1.667765 1.0000 1.0000
251 1 7 0.0000000 0.1764778 3.409937 1.665962 1.0000 1.0000
252 1 7 0.0000000 0.1885133 3.406951 1.664170 1.0000 1.0000
253 1 7 0.0000000 0.1995759 3.403986 1.662391 1.0000 1.0000
254 1 7 0.0000000 0.2095253 3.401044 1.660626 1.0000 1.0000
255 1 7 0.0000000 0.2182505 3.398125 1.658875 1.0000 1.0000
256 1 7 0.0000000 0.2256753 3.395232 1.657139 1.0000 1.0000
257 1 7 0.0000000 0.2317628 3.392366 1.655419 1.0000 1.0000
258 1 7 0.0000000 0.2365204 3.389527 1.653716 1.0000 1.0000
259 1 7 0.0000000 0.2400048 3.386718 1.652031 1.0000 1.0000
260 1 7 0.0000000 0.2423270 3.383940 1.650364 1.0000 1.0000
261 1 7 0.0000000 0.2436569 3.381193 1.648716 1.0000 1.0000
262 1 7 0.0000000 0.2442287 3.378480 1.647088 1.0000 1.0000
263 1 7 0.0000000 0.2443455 3.375801 1.645480 1.0000 1.0000
264 1 7 0.0000000 0.2443461 3.373157 1.643894 1.0000 1.0000
265 1 7 0.0000000 0.2443461 3.370551 1.642330 1.0000 1.0000
266 1 7 0.0000000 0.2443461 3.367982 1.640789 1.0000 1.0000
267 1 7 0.0000000 0.2443461 3.365453 1.639272 1.0000 1.0000
268 1 7 0.0000000 0.2443461 3.362963 1.637778 1.0000 1.0000
269 1 7 0.0000000 0.2443461 3.360515 1.636309 1.0000 1.0000
270 1 7 0.0000000 0.2443461 3.358108 1.634865 1.0000 1.0000
271 1 7 0.0000000 0.2443461 3.355745 1.633447 1.0000 1.0000
272 1 7 0.0000000 0.2443461 3.353426 1.632056 1.0000 1.0000
273 1 7 0.0000000 0.2443461 3.351152 1.630691 1.0000 1.0000
274 1 7 0.0000000 0.2443461 3.348924 1.629354 1.0000 1.0000
275 1 7 0.0000000 0.2443461 3.346742 1.628045 1.0000 1.0000
276 1 7 0.0000000 0.2443461 3.344608 1.626765 1.0000 1.0000
277 1 7 0.0000000 0.2443461 3.342522 1.625513 1.0000 1.0000
278 1 7 0.0000000 0.2443461 3.340485 1.624291 1.0000 1.0000
279 1 7 0.0000000 0.2443461 3.338498 1.623099 1.0000 1.0000
280 1 7 0.0000000 0.2443461 3.336561 1.621936 1.0000 1.0000
281 1 7 0.0000000 0.2443461 3.334674 1.620804 1.0000 1.0000
282 1 7 0.0000000 0.2443461 3.332838 1.619703 1.0000 1.0000
283 1 7 0.0000000 0.2443461 3.331055 1.618633 1.0000 1.0000
284 1 7 0.0000000 0.2443461 3.329323 1.617594 1.0000 1.0000
285 1 7 0.0000000 0.2443461 3.327644 1.616586 1.0000 1.0000
286 1 7 0.0000000 0.2443461 3.326017 1.615610 1.0000 1.0000
287 1 7 0.0000000 0.2443461 3.324444 1.614666 1.0000 1.0000
288 1 7 0.0000000 0.2443461 3.322923 1.613754 1.0000 1.0000
289 1 7 0.0000000 0.2443461 3.321456 1.612874 1.0000 1.0000
290 1 7 0.0000000 0.2443461 3.320043 1.612026 1.0000 1.0000
291 1 7 0.0000000 0.2443461 3.318683 1.611210 1.0000 1.0000
292 1 7 0.0000000 0.2443461 3.317376 1.610426 1.0000 1.0000
293 1 7 0.0000000 0.2443461 3.316123 1.609674 1.0000 1.0000
294 1 7 0.0000000 0.2443461 3.314922 1.608953 1.0000 1.0000
295 1 7 0.0000000 0.2443461 3.313775 1.608265 1.0000 1.0000
296 1 7 0.0000000 0.2443407 3.312681 1.607608 1.0000 1.0000
297 1 7 0.0000000 0.2441279 3.311638 1.606983 1.0000 1.0000
298 1 7 0.0000000 0.2433015 3.310648 1.606389 1.0000 1.0000
299 1 7 0.0000000 0.2415281 3.309709 1.605826 1.0000 1.0000
300 1 7 0.0000000 0.2385584 3.308821 1.605293 1.0000 1.0000
301 1 7 0.0000000 0.2342214 3.307984 1.604790 1.0000 1.0000
302 1 7 0.0000000 0.2284175 3.307195 1.604317 1.0000 1.0000
303 1 7 0.0000000 0.2211119 3.306456 1.603874 1.0000 1.0000
304 1 7 0.0000000 0.2123284 3.305765 1.603459 1.0000 1.0000
305 1 7 0.0000000 0.2021424 3.305120 1.603072 1.0000 1.0000
306 1 7 0.0000000 0.1906746 3.304522 1.602713 1.0000 1.0000
307 1 7 0.0000000 0.1780846 3.303969 1.602381 1.0000 1.0000
308 1 7 0.0000000 0.1645637 3.303460 1.602076 1.0000 1.0000
309 1 7 0.0000000 0.1503291 3.302993 1.601796 1.0000 1.0000
310 1 7 0.0000000 0.1356170 3.302568 1.601541 1.0000 1.0000
311 1 7 0.0000000 0.1206759 3.302183 1.601310 1.0000 1.0000
312 1 7 0.0000000 0.1057603 3.301836 1.601102 1.0000 1.0000
313 1 7 0.0000000 0.0911241 3.301526 1.600916 1.0000 1.0000
314 1 7 0.0000000 0.0770139 3.301252 1.600751 1.0000 1.0000
315 1 7 0.0000000 0.0636625 3.301011 1.600607 1.0000 1.0000
316 1 7 0.0000000 0.0512825 3.300802 1.600481 1.0000 1.0000
317 1 7 0.0000000 0.0400595 3.300623 1.600374 1.0000 1.0000
318 1 7 0.0000000 0.0301457 3.300472 1.600283 1.0000 1.0000
319 1 7 0.0000000 0.0216533 3.300347 1.600208 1.0000 1.0000
320 1 7 0.0000000 0.0146479 3.300246 1.600148 1.0000 1.0000
321 1 7 0.0000000 0.0091421 3.300166 1.600100 1.0000 1.0000
322 1 7 0.0000000 0.0050888 3.300106 1.600063 1.0000 1.0000
323 1 7 0.0000000 0.0023744 3.300062 1.600037 1.0000 1.0000
324 1 7 0.0000000 0.0008129 3.300032 1.600019 1.0000 1.0000
325 1 7 0.0000000 0.0001388 3.300014 1.600008 1.0000 1.0000
326 1 7 0.0000000 0.0000007 3.300004 1.600002 1.0000 1.0000
327 1 7 0.0000000 0.0000000 3.300001 1.600000 1.0000 1.0000
328 1 7 0.0000000 0.0000000 3.600000 1.720000 1.0000 1.0000
329 1 7 0.0000028 0.0000000 3.600001 1.720001 1.0000 1.0000
330 1 7 0.0000222 0.0000000 3.600007 1.720006 1.0000 1.0000
331 1 7 0.0000741 0.0000000 3.600024 1.720021 1.0000 1.0000
332 1 7 0.0001742 0.0000000 3.600057 1.720049 1.0000 1.0000
333 1 7 0.0003373 0.0000000 3.600110 1.720094 1.0000 1.0000
334 1 7 0.0005778 0.0000000 3.600188 1.720162 1.0000 1.0000
335 1 7 0.0009096 0.0000000 3.600296 1.720255 1.0000 1.0000
336 1 7 0.0013459 0.0000000 3.600438 1.720377 1.0000 1.0000
337 1 7 0.0018994 0.0000000 3.600618 1.720532 1.0000 1.0000
338 1 7 0.0025826 0.0000000 3.600841 1.720723 1.0000 1.0000
339 1 7 0.0034070 0.0000000 3.601109 1.720954 1.0000 1.0000
340 1 7 0.0043839 0.0000000 3.601427 1.721227 1.0000 1.0000
341 1 7 0.0055239 0.0000000 3.601798 1.721547 1.0000 1.0000
342 1 7 0.0068374 0.0000000 3.602226 1.721914 1.0000 1.0000
343 1 7 0.0083341 0.0000000 3.602713 1.722334 1.0000 1.0000
344 1 7 0.0100230 0.0000000 3.603263 1.722806 1.0000 1.0000
345 1 7 0.0119131 0.0000000 3.603878 1.723336 1.0000 1.0000
346 1 7 0.0140127 0.0000000 3.604562 1.723923 1.0000 1.0000
347 1 7 0.0163294 0.0000000 3.605316 1.724572 1.0000 1.0000
348 1 7 0.0188708 0.0000000 3.606143 1.725284 1.0000 1.0000
349 1 7 0.0216436 0.0000000 3.607046 1.726060 1.0000 1.0000
350 1 7 0.0246545 0.0000000 3.608026 1.726903 1.0000 1.0000
351 1 7 0.0279093 0.0000000 3.609086 1.727814 1.0000 1.0000
352 1 7 0.0314138 0.0000000 3.610227 1.728794 1.0000 1.0000
353 1 7 0.0351730 0.0000000 3.611450 1.729846 1.0000 1.0000
354 1 7 0.0391918 0.0000000 3.612759 1.730971 1.0000 1.0000
355 1 7 0.0434744 0.0000000 3.614153 1.732169 1.0000 1.0000
356 1 7 0.0480248 0.0000000 3.615634 1.733442 1.0000 1.0000
357 1 7 0.0528465 0.0000000 3.617204 1.734790 1.0000 1.0000
358 1 7 0.0579427 0.0000000 3.618863 1.736215 1.0000 1.0000
359 1 7 0.0633161 0.0000000 3.620612 1.737717 1.0000 1.0000
360 1 7 0.0689692 0.0000000 3.622453 1.739296 1.0000 1.0000
361 1 7 0.0749038 0.0000000 3.624384 1.740953 1.0000 1.0000
362 1 7 0.0811217 0.0000000 3.626409 1.742689 1.0000 1.0000
363 1 7 0.0876240 0.0000000 3.628525 1.744503 1.0000 1.0000
364 1 7 0.0944118 0.0000000 3.630735 1.746396 1.0000 1.0000
365 1 7 0.1014856 0.0000000 3.633038 1.748367 1.0000 1.0000
366 1 7 0.1088457 0.0000000 3.635434 1.750417 1.0000 1.0000
367 1 7 0.1164918 0.0000000 3.637923 1.752544 1.0000 1.0000
368 1 7 0.1244237 0.0000000 3.640505 1.754749 1.0000 1.0000
369 1 7 0.1326405 0.0000000 3.643180 1.757031 1.0000 1.0000
370 1 7 0.1411413 0.0000000 3.645948 1.759388 1.0000 1.0000
371 1 7 0.1499245 0.0000000 3.648807 1.761822 1.0000 1.0000
372 1 7 0.1589886 0.0000000 3.651758 1.764329 1.0000 1.0000
373 1 7 0.1683316 0.0000000 3.654799 1.766911 1.0000 1.0000
374 1 7 0.1779512 0.0000000 3.657931 1.769564 1.0000 1.0000
375 1 7 0.1878448 0.0000000 3.661152 1.772288 1.0000 1.0000
376 1 7 0.1980098 0.0000000 3.664461 1.775081 1.0000 1.0000
377 1 7 0.2084430 0.0000000 3.667857 1.777942 1.0000 1.0000
378 1 7 0.2191410 0.0000000 3.671340 1.780870 1.0000 1.0000
379 1 7 0.2301003 0.0000000 3.674908 1.783861 1.0000 1.0000
380 1 7 0.2413170 0.0000000 3.678559 1.786915 1.0000 1.0000
381 1 7 0.2527870 0.0000000 3.682293 1.790029 1.0000 1.0000
382 1 7 0.2645060 0.0000000 3.686108 1.793201 1.0000 1.0000
383 1 7 0.2764694 0.0000000 3.690003 1.796429 1.0000 1.0000
384 1 7 0.2886725 0.0000000 3.693976 1.799710 1.0000 1.0000
385 1 7 0.3011103 0.0000000 3.698025 1.803043 1.0000 1.0000
386 1 7 0.3137776 0.0000000 3.702148 1.806423 1.0000 1.0000
387 1 7 0.3266689 0.0000000 3.706345 1.809849 1.0000 1.0000
388 1 7 0.3397787 0.0000000 3.710613 1.813318 1.0000 1.0000
389 1 7 0.3531011 0.0000000 3.714950 1.816827 1.0000 1.0000
390 1 7 0.3666303 0.0000000 3.719354 1.820372 1.0000 1.0000
391 1 7 0.3803600 0.0000000 3.723824 1.823951 1.0000 1.0000
392 1 7 0.3942840 0.0000000 3.728357 1.827561 1.0000 1.0000
393 1 7 0.4083956 0.0000000 3.732951 1.831198 1.0000 1.0000
394 1 7 0.4226884 0.0000000 3.737604 1.834860 1.0000 1.0000
395 1 7 0.4371555 0.0000000 3.742313 1.838542 1.0000 1.0000
396 1 7 0.4517899 0.0000000 3.747078 1.842241 1.0000 1.0000
397 1 7 0.4665847 0.0000000 3.751894 1.845955 1.0000 1.0000
398 1 7 0.4815325 0.0000000 3.756760 1.849679 1.0000 1.0000
399 1 7 0.4966261 0.0000000 3.761674 1.853409 1.0000 1.0000
400 1 7 0.5118579 0.0000000 3.766632 1.857143 1.0000 1.0000
401 1 7 0.5272206 0.0000000 3.771634 1.860877 1.0000 1.0000
402 1 7 0.5427063 0.0000000 3.776675 1.864607 1.0000 1.0000
403 1 7 0.5583073 0.0000000 3.781754 1.868330 1.0000 1.0000
404 1 7 0.5740158 0.0000000 3.786868 1.872042 1.0000 1.0000
405 1 7 0.5898239 0.0000000 3.792014 1.875740 1.0000 1.0000
406 1 7 0.6057234 0.0000000 3.797190 1.879420 1.0000 1.0000
407 1 7 0.6217064 0.0000000 3.802393 1.883078 1.0000 1.0000
408 1 7 0.6377646 0.0000000 3.807621 1.886712 1.0000 1.0000
409 1 7 0.6538899 0.0000000 3.812870 1.890318 1.0000 1.0000
410 1 7 0.6700739 0.0000000 3.818139 1.893892 1.0000 1.0000
411 1 7 0.6863085 0.0000000 3.823424 1.897432 1.0000 1.0000
412 1 7 0.7025851 0.0000000 3.828723 1.900934 1.0000 1.0000
413 1 7 0.7188955 0.0000000 3.834032 1.904395 1.0000 1.0000
414 1 7 0.7352312 0.0000000 3.839350 1.907812 1.0000 1.0000
415 1 7 0.7515838 0.0000000 3.844674 1.911183 1.0000 1.0000
416 1 7 0.7679449 0.0000000 3.850000 1.914504 1.0000 1.0000
417 1 7 0.7843059 0.0000000 3.855326 1.917774 1.0000 1.0000
418 1 7 0.8006585 0.0000000 3.860650 1.920988 1.0000 1.0000
419 1 7 0.8169942 0.0000000 3.865968 1.924146 1.0000 1.0000
420 1 7 0.8333046 0.0000000 3.871277 1.927244 1.0000 1.0000
421 1 7 0.8495813 0.0000000 3.876576 1.930281 1.0000 1.0000
422 1 7 0.8658158 0.0000000 3.881861 1.933255 1.0000 1.0000
423 1 7 0.8819999 0.0000000 3.887130 1.936163 1.0000 1.0000
424 1 7 0.8981251 0.0000000 3.892379 1.939005 1.0000 1.0000
425 1 7 0.9141834 0.0000000 3.897607 1.941778 1.0000 1.0000
426 1 7 0.9301663 0.0000000 3.902810 1.944481 1.0000 1.0000
427 1 7 0.9460659 0.0000000 3.907986 1.947114 1.0000 1.0000
428 1 7 0.9618739 0.0000000 3.913132 1.949674 1.0000 1.0000
429 1 7 0.9775824 0.0000000 3.918246 1.952162 1.0000 1.0000
430 1 7 0.9931834 0.0000000 3.923325 1.954575 1.0000 1.0000
431 1 7 1.0086692 0.0000000 3.928366 1.956915 1.0000 1.0000
432 1 7 1.0240318 0.0000000 3.933368 1.959179 1.0000 1.0000
433 1 7 1.0392637 0.0000000 3.938326 1.961369 1.0000 1.0000
434 1 7 1.0543573 0.0000000 3.943240 1.963483 1.0000 1.0000
435 1 7 1.0693051 0.0000000 3.948106 1.965523 1.0000 1.0000
436 1 7 1.0840998 0.0000000 3.952922 1.967487 1.0000 1.0000
437 1 7 1.0987343 0.0000000 3.957687 1.969377 1.0000 1.0000
438 1 7 1.1132013 0.0000000 3.962396 1.971193 1.0000 1.0000
439 1 7 1.1274941 0.0000000 3.967049 1.972935 1.0000 1.0000
440 1 7 1.1416058 0.0000000 3.971643 1.974605 1.0000 1.0000
441 1 7 1.1555297 0.0000000 3.976176 1.976202 1.0000 1.0000
442 1 7 1.1692594 0.0000000 3.980646 1.977729 1.0000 1.0000
443 1 7 1.1827886 0.0000000 3.985050 1.979186 1.0000 1.0000
444 1 7 1.1961111 0.0000000 3.989387 1.980574 1.0000 1.0000
445 1 7 1.2092208 0.0000000 3.993655 1.981895 1.0000 1.0000
446 1 7 1.2221122 0.0000000 3.997852 1.983150 1.0000 1.0000
447 1 7 1.2347794 0.0000000 4.001975 1.984341 1.0000 1.0000
448 1 7 1.2472172 0.0000000 4.006024 1.985469 1.0000 1.0000
449 1 7 1.2594203 0.0000000 4.009997 1.986536 1.0000 1.0000
450 1 7 1.2713838 0.0000000 4.013892 1.987543 1.0000 1.0000
451 1 7 1.2831028 0.0000000 4.017707 1.988492 1.0000 1.0000
452 1 7 1.2945728 0.0000000 4.021441 1.989386 1.0000 1.0000
453 1 7 1.3057895 0.0000000 4.025092 1.990225 1.0000 1.0000
454 1 7 1.3167487 0.0000000 4.028660 1.991013 1.0000 1.0000
455 1 7 1.3274468 0.0000000 4.032143 1.991750 1.0000 1.0000
456 1 7 1.3378799 0.0000000 4.035539 1.992439 1.0000 1.0000
457 1 7 1.3480449 0.0000000 4.038848 1.993082 1.0000 1.0000
458 1 7 1.3579386 0.0000000 4.042069 1.993681 1.0000 1.0000
459 1 7 1.3675582 0.0000000 4.045201 1.994237 1.0000 1.0000
460 1 7 1.3769012 0.0000000 4.048242 1.994753 1.0000 1.0000
461 1 7 1.3859652 0.0000000 4.051193 1.995231 1.0000 1.0000
462 1 7 1.3947485 0.0000000 4.054052 1.995672 1.0000 1.0000
463 1 7 1.4032492 0.0000000 4.056820 1.996079 1.0000 1.0000
464 1 7 1.4114660 0.0000000 4.059495 1.996453 1.0000 1.0000
465 1 7 1.4193979 0.0000000 4.062077 1.996797 1.0000 1.0000
466 1 7 1.4270441 0.0000000 4.064566 1.997112 1.0000 1.0000
467 1 7 1.4344041 0.0000000 4.066962 1.997400 1.0000 1.0000
468 1 7 1.4414779 0.0000000 4.069265 1.997662 1.0000 1.0000
469 1 7 1.4482657 0.0000000 4.071475 1.997901 1.0000 1.0000
470 1 7 1.4547681 0.0000000 4.073591 1.998117 1.0000 1.0000
471 1 7 1.4609859 0.0000000 4.075616 1.998314 1.0000 1.0000
472 1 7 1.4669206 0.0000000 4.077547 1.998491 1.0000 1.0000
473 1 7 1.4725736 0.0000000 4.079388 1.998650 1.0000 1.0000
474 1 7 1.4779470 0.0000000 4.081137 1.998794 1.0000 1.0000
475 1 7 1.4830432 0.0000000 4.082796 1.998923 1.0000 1.0000
476 1 7 1.4878650 0.0000000 4.084366 1.999038 1.0000 1.0000
477 1 7 1.4924154 0.0000000 4.085847 1.999140 1.0000 1.0000
478 1 7 1.4966980 0.0000000 4.087241 1.999232 1.0000 1.0000
479 1 7 1.5007167 0.0000000 4.088550 1.999313 1.0000 1.0000
480 1 7 1.5044760 0.0000000 4.089773 1.999384 1.0000 1.0000
481 1 7 1.5079804 0.0000000 4.090914 1.999448 1.0000 1.0000
482 1 7 1.5112353 0.0000000 4.091974 1.999503 1.0000 1.0000
483 1 7 1.5142461 0.0000000 4.092954 1.999552 1.0000 1.0000
484 1 7 1.5170190 0.0000000 4.093857 1.999595 1.0000 1.0000
485 1 7 1.5195603 0.0000000 4.094684 1.999633 1.0000 1.0000
486 1 7 1.5218771 0.0000000 4.095438 1.999665 1.0000 1.0000
487 1 7 1.5239766 0.0000000 4.096122 1.999693 1.0000 1.0000
488 1 7 1.5258667 0.0000000 4.096737 1.999717 1.0000 1.0000
489 1 7 1.5275557 0.0000000 4.097287 1.999738 1.0000 1.0000
490 1 7 1.5290523 0.0000000 4.097774 1.999756 1.0000 1.0000
491 1 7 1.5303658 0.0000000 4.098202 1.999771 1.0000 1.0000
492 1 7 1.5315059 0.0000000 4.098573 1.999784 1.0000 1.0000
493 1 7 1.5324828 0.0000000 4.098891 1.999795 1.0000 1.0000
494 1 7 1.5333072 0.0000000 4.099159 1.999803 1.0000 1.0000
495 1 7 1.5339903 0.0000000 4.099382 1.999810 1.0000 1.0000
496 1 7 1.5345439 0.0000000 4.099562 1.999816 1.0000 1.0000
497 1 7 1.5349802 0.0000000 4.099704 1.999820 1.0000 1.0000
498 1 7 1.5353119 0.0000000 4.099812 1.999824 1.0000 1.0000
499 1 7 1.5355524 0.0000000 4.099890 1.999826 1.0000 1.0000
500 1 7 1.5357155 0.0000000 4.099943 1.999828 1.0000 1.0000
501 1 7 1.5358156 0.0000000 4.099976 1.999829 1.0000 1.0000
502 1 7 1.5358676 0.0000000 4.099993 1.999829 1.0000 1.0000
503 1 7 1.5358869 0.0000000 4.099999 1.999829 1.0000 1.0000
504 1 7 1.5358897 0.0000000 4.100000 1.999829 1.0000 1.0000
505 1 7 1.5358046 0.0000000 4.099978 2.000721 1.0000 1.0000
506 1 7 1.5352270 0.0000000 4.099827 2.001609 1.0000 1.0000
507 1 7 1.5337141 0.0000000 4.099433 2.002486 1.0000 1.0000
508 1 7 1.5308750 0.0000000 4.098694 2.003348 1.0000 1.0000
509 1 7 1.5263694 0.0000000 4.097521 2.004188 1.0000 1.0000
510 1 7 1.5199049 0.0000000 4.095837 2.004995 1.0000 1.0000
511 1 7 1.5112353 0.0000000 4.093579 2.005753 1.0000 1.0000
512 1 7 1.5001586 0.0000000 4.090694 2.006445 1.0000 1.0000
513 1 7 1.4865152 0.0000000 4.087141 2.007042 1.0000 1.0000
514 1 7 1.4701852 0.0000000 4.082888 2.007513 1.0000 1.0000
515 1 7 1.4510873 0.0000000 4.077914 2.007818 1.0000 1.0000
516 1 7 1.4291762 0.0000000 4.072208 2.007911 1.0000 1.0000
517 1 7 1.4044405 0.0000000 4.065766 2.007742 1.0000 1.0000
518 1 7 1.3769012 0.0000000 4.058594 2.007253 1.0000 1.0000
519 1 7 1.3466093 0.0000000 4.050705 2.006386 1.0000 1.0000
520 1 7 1.3136440 0.0000000 4.042119 2.005079 1.0000 1.0000
521 1 7 1.2781106 0.0000000 4.032865 2.003271 1.0000 1.0000
522 1 7 1.2401383 0.0000000 4.022976 2.000904 1.0000 1.0000
523 1 7 1.1998787 0.0000000 4.012491 1.997923 1.0000 1.0000
524 1 7 1.1575031 0.0000000 4.001455 1.994282 1.0000 1.0000
525 1 7 1.1132013 0.0000000 3.989917 1.989943 1.0000 1.0000
526 1 7 1.0671789 0.0000000 3.977931 1.984879 1.0000 1.0000
527 1 7 1.0196555 0.0000000 3.965554 1.979075 1.0000 1.0000
528 1 7 0.9708629 0.0000000 3.952847 1.972533 1.0000 1.0000
529 1 7 0.9210429 0.0000000 3.939872 1.965267 1.0000 1.0000
530 1 7 0.8704453 0.0000000 3.926695 1.957307 1.0000 1.0000
531 1 7 0.8193260 0.0000000 3.913381 1.948699 1.0000 1.0000
532 1 7 0.7679449 0.0000000 3.900000 1.939504 1.0000 1.0000
533 1 7 0.7165637 0.0000000 3.886619 1.929796 1.0000 1.0000
534 1 7 0.6654444 0.0000000 3.873305 1.919660 1.0000 1.0000
535 1 7 0.6148468 0.0000000 3.860128 1.909192 1.0000 1.0000
536 1 7 0.5650269 0.0000000 3.847153 1.898494 1.0000 1.0000
537 1 7 0.5162343 0.0000000 3.834446 1.887675 1.0000 1.0000
538 1 7 0.4687109 0.0000000 3.822069 1.876843 1.0000 1.0000
539 1 7 0.4226884 0.0000000 3.810083 1.866110 1.0000 1.0000
540 1 7 0.3783866 0.0000000 3.798545 1.855581 1.0000 1.0000
541 1 7 0.3360111 0.0000000 3.787509 1.845358 1.0000 1.0000
542 1 7 0.2957514 0.0000000 3.777024 1.835537 1.0000 1.0000
543 1 7 0.2577792 0.0000000 3.767135 1.826203 1.0000 1.0000
544 1 7 0.2222457 0.0000000 3.757881 1.817432 1.0000 1.0000
545 1 7 0.1892804 0.0000000 3.749295 1.809290 1.0000 1.0000
546 1 7 0.1589886 0.0000000 3.741406 1.801829 1.0000 1.0000
547 1 7 0.1314493 0.0000000 3.734234 1.795093 1.0000 1.0000
548 1 7 0.1067136 0.0000000 3.727792 1.789109 1.0000 1.0000
549 1 7 0.0848024 0.0000000 3.722086 1.783895 1.0000 1.0000
550 1 7 0.0657045 0.0000000 3.717112 1.779455 1.0000 1.0000
551 1 7 0.0493746 0.0000000 3.712859 1.775784 1.0000 1.0000
552 1 7 0.0357311 0.0000000 3.709306 1.772860 1.0000 1.0000
553 1 7 0.0246545 0.0000000 3.706421 1.770653 1.0000 1.0000
554 1 7 0.0159849 0.0000000 3.704163 1.769118 1.0000 1.0000
555 1 7 0.0095203 0.0000000 3.702479 1.768201 1.0000 1.0000
556 1 7 0.0050147 0.0000000 3.701306 1.767833 1.0000 1.0000
557 1 7 0.0021757 0.0000000 3.700567 1.767931 1.0000 1.0000
558 1 7 0.0006627 0.0000000 3.700173 1.768400 1.0000 1.0000
559 1 7 0.0000851 0.0000000 3.700022 1.769131 1.0000 1.0000
560 1 7 0.0000000 0.0000000 3.700000 1.700000 1.0000 1.0000
561 1 7 0.0000000 0.0000000 3.699996 1.699998 0.9955 1.0000
562 1 7 0.0000000 0.0000000 3.699967 1.699982 0.9910 1.0000
563 1 7 0.0000000 0.0000000 3.699892 1.699940 0.9864 1.0000
564 1 7 0.0000000 0.0000000 3.699749 1.699859 0.9819 1.0000
565 1 7 0.0000000 0.0000000 3.699519 1.699730 0.9774 1.0000
566 1 7 0.0000000 0.0000000 3.699184 1.699543 0.9729 1.0000
567 1 7 0.0000000 0.0000000 3.698728 1.699288 0.9683 1.0000
568 1 7 0.0000000 0.0000000 3.698137 1.698957 0.9638 1.0000
569 1 7 0.0000000 0.0000000 3.697398 1.698543 0.9593 1.0000
570 1 7 0.0000000 0.0000000 3.696499 1.698040 0.9548 1.0000
571 1 7 0.0000000 0.0000000 3.695431 1.697441 0.9502 1.0000
572 1 7 0.0000000 0.0000000 3.694184 1.696743 0.9457 1.0000
573 1 7 0.0000000 0.0000000 3.692751 1.695941 0.9412 1.0000
574 1 7 0.0000000 0.0000000 3.691127 1.695031 0.9367 1.0000
575 1 7 0.0000000 0.0000000 3.689305 1.694011 0.9321 1.0000
576 1 7 0.0000000 0.0000000 3.687283 1.692879 0.9276 1.0000
577 1 7 0.0000000 0.0000000 3.685059 1.691633 0.9231 1.0000
578 1 7 0.0000000 0.0000000 3.682630 1.690273 0.9186 1.0000
579 1 7 0.0000000 0.0000000 3.679997 1.688798 0.9140 1.0000
580 1 7 0.0000000 0.0000000 3.677160 1.687210 0.9095 1.0000
581 1 7 0.0000000 0.0000000 3.674121 1.685508 0.9050 1.0000
582 1 7 0.0000000 0.0000000 3.670883 1.683695 0.9005 1.0000
583 1 7 0.0000000 0.0000000 3.667449 1.681772 0.8960 1.0000
584 1 7 0.0000000 0.0000000 3.663825 1.679742 0.8914 1.0000
585 1 7 0.0000000 0.0000000 3.660014 1.677608 0.8869 1.0000
586 1 7 0.0000000 0.0000000 3.656023 1.675373 0.8824 1.0000
587 1 7 0.0000000 0.0000000 3.651860 1.673042 0.8779 1.0000
588 1 7 0.0000000 0.0000000 3.647531 1.670617 0.8733 1.0000
589 1 7 0.0000000 0.0000000 3.643044 1.668105 0.8688 1.0000
590 1 7 0.0000000 0.0000000 3.638409 1.665509 0.8643 1.0000
591 1 7 0.0000000 0.0000000 3.633635 1.662835 0.8598 1.0000
592 1 7 0.0000000 0.0000000 3.628730 1.660089 0.8552 1.0000
593 1 7 0.0000000 0.0000000 3.623707 1.657276 0.8507 1.0000
594 1 7 0.0000000 0.0000000 3.618575 1.654402 0.8462 1.0000
595 1 7 0.0000000 0.0000000 3.613345 1.651473 0.8417 1.0000
596 1 7 0.0000000 0.0000000 3.608029 1.648496 0.8371 1.0000
597 1 7 0.0000000 0.0000000 3.602639 1.645478 0.8326 1.0000
598 1 7 0.0000000 0.0000000 3.597187 1.642425 0.8281 1.0000
599 1 7 0.0000000 0.0000000 3.591684 1.639343 0.8236 1.0000
600 1 7 0.0000000 0.0000000 3.586144 1.636241 0.8190 1.0000
601 1 7 0.0000000 0.0000000 3.580578 1.633124 0.8145 1.0000
602 1 7 0.0000000 0.0000000 3.575000 1.630000 0.8100 1.0000
603 1 7 0.0000000 0.0000000 3.569422 1.626876 0.8055 1.0000
604 1 7 0.0000000 0.0000000 3.563856 1.623759 0.8010 1.0000
605 1 7 0.0000000 0.0000000 3.558316 1.620657 0.7964 1.0000
606 1 7 0.0000000 0.0000000 3.552813 1.617575 0.7919 1.0000
607 1 7 0.0000000 0.0000000 3.547361 1.614522 0.7874 1.0000
608 1 7 0.0000000 0.0000000 3.541971 1.611504 0.7829 1.0000
609 1 7 0.0000000 0.0000000 3.536655 1.608527 0.7783 1.0000
610 1 7 0.0000000 0.0000000 3.531425 1.605598 0.7738 1.0000
611 1 7 0.0000000 0.0000000 3.526293 1.602724 0.7693 1.0000
612 1 7 0.0000000 0.0000000 3.521270 1.599911 0.7648 1.0000
613 1 7 0.0000000 0.0000000 3.516365 1.597165 0.7602 1.0000
614 1 7 0.0000000 0.0000000 3.511591 1.594491 0.7557 1.0000
615 1 7 0.0000000 0.0000000 3.506956 1.591895 0.7512 1.0000
616 1 7 0.0000000 0.0000000 3.502469 1.589383 0.7467 1.0000
617 1 7 0.0000000 0.0000000 3.498140 1.586958 0.7421 1.0000
618 1 7 0.0000000 0.0000000 3.493977 1.584627 0.7376 1.0000
619 1 7 0.0000000 0.0000000 3.489986 1.582392 0.7331 1.0000
620 1 7 0.0000000 0.0000000 3.486175 1.580258 0.7286 1.0000
621 1 7 0.0000000 0.0000000 3.482551 1.578228 0.7240 1.0000
622 1 7 0.0000000 0.0000000 3.479117 1.576305 0.7195 1.0000
623 1 7 0.0000000 0.0000000 3.475879 1.574492 0.7150 1.0000
624 1 7 0.0000000 0.0000000 3.472840 1.572790 0.7105 1.0000
625 1 7 0.0000000 0.0000000 3.470003 1.571202 0.7060 1.0000
626 1 7 0.0000000 0.0000000 3.467370 1.569727 0.7014 1.0000
627 1 7 0.0000000 0.0000000 3.464941 1.568367 0.6969 1.0000
628 1 7 0.0000000 0.0000000 3.462717 1.567121 0.6924 1.0000
629 1 7 0.0000000 0.0000000 3.460695 1.565989 0.6879 1.0000
630 1 7 0.0000000 0.0000000 3.458873 1.564969 0.6833 1.0000
631 1 7 0.0000000 0.0000000 3.457249 1.564059 0.6788 1.0000
632 1 7 0.0000000 0.0000000 3.455816 1.563257 0.6743 1.0000
633 1 7 0.0000000 0.0000000 3.454569 1.562559 0.6698 1.0000
634 1 7 0.0000000 0.0000000 3.453501 1.561960 0.6652 1.0000
635 1 7 0.0000000 0.0000000 3.452602 1.561457 0.6607 1.0000
636 1 7 0.0000000 0.0000000 3.451863 1.561043 0.6562 1.0000
637 1 7 0.0000000 0.0000000 3.451272 1.560712 0.6517 1.0000
638 1 7 0.0000000 0.0000000 3.450816 1.560457 0.6471 1.0000
639 1 7 0.0000000 0.0000000 3.450481 1.560270 0.6426 1.0000
640 1 7 0.0000000 0.0000000 3.450251 1.560141 0.6381 1.0000
641 1 7 0.0000000 0.0000000 3.450108 1.560060 0.6336 1.0000
642 1 7 0.0000000 0.0000000 3.450033 1.560018 0.6290 1.0000
643 1 7 0.0000000 0.0000000 3.450004 1.560002 0.6245 1.0000
644 1 7 0.0000000 0.0000000 3.450000 1.560000 0.6200 1.0000
645 1 7 0.0000000 0.0000000 3.450000 1.560000 0.6200 1.0000
646 1 7 0.0000000 0.0000000 3.450000 1.560000 0.6200 1.0000
647 1 7 0.0000000 0.0000000 3.450000 1.560000 0.6200 1.0000
648 1 7 0.0000000 0.0000000 3.450000 1.560000 0.6200 1.0000
649 1 7 0.0000000 0.0000000 3.450000 1.560000 0.6200 1.0000
650 1 7 0.0000000 0.0000000 3.450000 1.560000 0.6200 1.0000
651 1 7 0.0000000 0.0000000 3.450000 1.560000 0.6200 1.0000